SetDesc: "Minimal parameterisation. NLO positive pion fitted to Drell-Yan data of experiments NA10, E615, prompt photon production data of experiment WA70, and selected points from the leading-neutron data. Nuclear PDF set nCTEQ15FullNuc_184_74 was used for tungsten target."
Authors: "FantoPI23"
Format: lhagrid1
DataVersion: 1
NumMembers: 1
Particles: 2212
Flavors: [-6, -5, -4, -3, -2, -1, 1, 2, 3, 4, 5, 6, 21, ]
OrderQCD: 1
FlavorScheme: variable
NumFlavors: 6
XMin: 0.0001
XMax: 1
QMin: 1
QMax: 1000
MZ: 91.1876
MUp: 0
MDown: 0
MStrange: 0
MCharm: 1.43
MBottom: 4.5
MTop: 173
AlphaS_MZ: 0.120000
AlphaS_OrderQCD: 1
AlphaS_Type: ipol
AlphaS_Qs:  [5.76715e+00,  7.07072e+00,  8.75819e+00,  1.09657e+01,  1.38856e+01,  1.77929e+01,  2.30855e+01,  3.03471e+01,  4.04448e+01,  5.46864e+01,  7.50724e+01,  1.04712e+02,  1.48517e+02,  2.14380e+02,  3.15212e+02,  4.72537e+02,  7.22946e+02,  1.12995e+03,  1.80616e+03,  2.95593e+03,  4.95886e+03,  8.53814e+03,  1.51079e+04,  2.75107e+04,  5.16275e+04,  1.00000e+05]
AlphaS_Vals:  [2.10394e-01,  1.99121e-01,  1.88554e-01,  1.78635e-01,  1.69315e-01,  1.60547e-01,  1.52290e-01,  1.44509e-01,  1.37169e-01,  1.30240e-01,  1.23695e-01,  1.17508e-01,  1.11655e-01,  1.06117e-01,  1.00873e-01,  9.59050e-02,  9.11967e-02,  8.67327e-02,  8.24986e-02,  7.84812e-02,  7.46682e-02,  7.10481e-02,  6.76102e-02,  6.43445e-02,  6.12416e-02,  5.82927e-02]
